,site_nums,lat,lon,solar_filenames,wind_filenames,year
0,1,43.3,-77.3,,,2013
1,2,40.3,-79.7,,,2013
3,4,41.01428571428571,-81.58571428571429,,,2013
4,5,38.05714285714286,-82.35714285714286,,,2013
5,6,44.64285714285714,-84.32857142857142,,,2013
6,7,41.699999999999996,-84.55714285714285,,,2013
7,8,38.75714285714285,-84.78571428571429,,,2013
8,9,35.81428571428571,-85.01428571428572,,,2013
9,10,45.31428571428571,-87.84285714285714,,,2013
10,11,42.378571428571426,-87.8,,,2013
11,12,39.442857142857136,-87.75714285714287,,,2013
12,13,36.50714285714285,-87.71428571428572,,,2013
13,14,33.57142857142857,-87.67142857142858,,,2013
14,15,45.98571428571429,-91.35714285714286,,,2013
15,16,43.05428571428572,-91.15142857142857,,,2013
16,17,40.12285714285714,-90.94571428571429,,,2013
17,18,37.191428571428574,-90.74,,,2013
18,19,34.260000000000005,-90.53428571428572,,,2013
19,20,31.32857142857143,-90.32857142857142,,,2013
20,21,46.65714285714286,-94.87142857142857,,,2013
21,22,43.72857142857143,-94.55714285714285,,,2013
22,23,40.800000000000004,-94.24285714285713,,,2013
23,24,37.871428571428574,-93.92857142857142,,,2013
24,25,34.94285714285714,-93.61428571428571,,,2013
25,26,32.01428571428572,-93.3,,,2013
27,28,47.32857142857143,-98.38571428571429,,,2013
28,29,44.40204081632653,-97.9938775510204,,,2013
29,30,41.47551020408163,-97.60204081632654,,,2013
30,31,38.54897959183673,-97.21020408163265,,,2013
31,32,35.62244897959184,-96.81836734693877,,,2013
32,33,32.695918367346934,-96.42653061224489,,,2013
33,34,29.76938775510204,-96.03469387755102,,,2013
35,36,48.0,-101.9,,,2013
36,37,45.075,-101.45,,,2013
37,38,42.15,-101.0,,,2013
38,39,39.225,-100.55,,,2013
39,40,36.3,-100.1,,,2013
40,41,33.375,-99.65,,,2013
41,42,30.450000000000003,-99.2,,,2013
42,43,27.525000000000002,-98.75,,,2013
