7.452658499312897478e-02
3.871789014996445122e-01
1.151424712434709619e-01
9.627721730313731907e-02
7.006629339183648511e-03
1.080090979359906445e-01
-1.079596184970765538e-01
1.432345665274179503e-01
9.130373329319191322e-02
2.304873795027904612e-02
7.900000000000000121e-04
2.591038630252816624e-02
2.802279657418877967e-01
0.000000000000000000e+00
2.029600000000000154e-02
1.992200000000000915e-01
0.000000000000000000e+00
8.774999993331563178e-03
-3.873886435934221772e-01
3.873886455988710398e-01
-2.462983762945434433e-05
4.078017087264475780e-03
0.000000000000000000e+00
9.879999999999999893e-01
9.320650000000004098e+00
0.000000000000000000e+00
7.371023985000473289e-01
-1.610930087392632215e+00
1.610930095732158840e+00
