LCOM
1.28403581440004
1.25186621965851
1.2102315826258
1.26963704386014
1.29110647288556
1.22278793135349
1.24228552662512
1.27760161609058
1.24481200435493
1.22005007227106
1.22338236740607
1.25826896143903
1.27952979715269
1.27676332330432
1.25993851319125
1.22382926209273
1.25209493861764
1.23788378735907
1.23446125788533
1.27826373152819
1.2455413758863
1.27637107401973
1.27654738577271
1.26016307778565
1.26890905049205
1.23414918257155
1.22363075997572
1.2665040290187
1.25086615943474
1.2730241724219
1.24817890385128
1.25581585115448
1.22123713336904
1.22789138107687
1.28059429253981
1.28099532227957
1.26977874715675
1.24035108169131
1.26196473375237
1.24577016336647
1.22416107093161
1.26507182868038
1.26230422190046
1.2663379900382
1.23590270103603
1.25695457387181
1.2036173752469
1.24759396350832
1.21795567048056
1.18654585565555
1.22192134899399
1.22766476369206
1.22960038653887
1.26387032717104
1.29744451382895
1.25983888532364
1.19636975381298
1.21390713307611
1.23899796325762
1.21088814633803
1.22303998368803
1.2151977984904
1.2364822887081
1.20567262503341
1.19327128091069
1.25015960740422
1.19646575795731
1.20141986672385
1.21211229017148
1.20493318029406
1.22712620347734
1.21727556613016
1.22473143414103
1.22558765186261
1.20449571714931
1.23360879479809
1.24906922734098
1.24584016232931
1.26157848436799
1.25649136081781
1.20764414422341
1.23425793477407
1.23662275729362
1.17567651351602
1.15414902469998
1.26416760890649
1.24534474940738
1.20980680127227
1.24027043073279
1.22514014406919
1.20836108675389
1.23499689484747
1.19460065834001
1.23510985364243
1.23463383174924
1.20840691941796
1.20507716125278
1.17852551705346
1.20517530598373
1.1833417808934
1.20368841160104
1.16685055166503
1.19951947903449
1.21230046079416
1.20696771047967
1.18972846845576
1.17508883397082
1.20254634499127
1.20250857646434
1.20345845966868
1.17011551639391
1.16299813999992
1.09856200251348
1.20490563510421
1.16677529096625
1.16416249119034
1.09786023933848
1.08249734079558
1.16597019441839
1.11936339146873
1.14385449257884
1.14559573078777
1.07223397393185
1.04863906660188
1.11175352496771
1.09254510387477
1.16168547553674
1.19188695864249
1.19254377049443
1.20005492414007
1.17178122221047
1.1179691265481
1.17454668312549
1.20960440426262
1.19838459717753
1.18754762443557
1.17321084539956
1.18841318668457
1.20450597897588
1.18957259257134
1.21164760589848
1.20678296576316
1.1828696150353
1.19161225189785
1.1859766743047
1.18682184353977
1.19056984657227
1.19712451875408
1.18892261076606
1.15513552067495
1.19972812609897
1.18739809007621
1.77161780142994
1.74981006249118
1.8934756243549
1.77757114761061
1.71963738927401
1.73314205563937
1.72731758030709
1.74019062638584
1.5511138341752
1.9
1.81563862705629
1.77763924106879
1.79460888431178
1.50283311692086
1.62279626320442
1.59803472271914
1.72624457779811
1.69941025639089
1.59048826414705
1.76296703586285
1.41535843190128
1.73728191704989
1.71878631513549
1.72998196659195
1.74670931956919
1.54599685045902
1.57500285407033
1.54714943283029
1.59927256401792
1.76550422189061
1.68026461459018
1.63037721985856
1.73549617114804
1.75454262977307
1.43970059857344
1.63060361697834
1.57751829874095
1.52520068647599
1.7239748952689
1.70515910681094
1.71716314387662
1.72278303543772
1.71588936945748
1.71585694440762
1.69652844287499
1.67043499085237
1.65754119808007
1.63856228598226
1.72019611235802
1.50301418742289
1.60270277991303
1.71625042368225
1.7181485502493
1.74158661238958
1.73949704458946
1.70223880611202
1.70474327232821
1.65012571768635
1.44978964195125
1.64957985234872
1.51586583721795
1.62186234804492
1.59165069033317
1.54015582531953
1.4566111668223
1.48048848013589
1.66648441590433
1.47213314544899
1.33336734996998
1.40714265728947
1.52153952070263
1.4994353123389
1.62881063129899
1.6383122220415
1.58552008381325
1.65691530760337
1.52147662012243
1.40201743437922
1.64850199177557
1.72024929031983
1.34393749786152
1.54831012325447
1.33855379706133
1.57807625162357
1.53279185973921
1.679739530053
1.9
1.9
1.75876005637132
1.71777834381347
1.54009587084865
1.52305516825059
1.65767999289526
1.56011981289502
1.50526544422257
1.76059873765008
1.7724225696189
1.9
1.76403404442187
1.74571416686444
1.67943458257053
1.75385357323121
1.74888678980311
1.77795711906629
1.9
1.9
1.9
1.9
1.9
1.65862167678842
1.53318665018095
1.50054149255113
1.43332502718587
1.62322395060349
1.58566893498127
1.54627620311058
1.70078635783887
1.51078622362276
1.60430396920057
1.55917735231852
1.52148393943692
1.45144857076716
1.6452329573347
1.57919010477242
1.74555293545954
1.60479620859451
1.55164635295095
1.42682514762327
1.59035009608632
1.5911463703089
1.54219117920962
1.57733522090641
1.5077886022387
1.2436394066075
1.26475139671252
1.27079086922668
1.2587349129218
1.23178836293945
1.23433604377249
1.23968490211736
1.20644707798384
1.27327050145466
1.19989558186078
1.23463247928936
1.26576845122966
1.25408903037497
1.23642796308353
1.21477762357397
1.22039683177315
1.22936461668344
1.21039408888283
1.20989111236329
1.22401092516642
1.22836599784524
1.15747177046082
1.18252751490697
1.21502402051935
1.21184555387026
1.2032678218825
1.17073038011985
1.13832316688034
1.23655765546723
1.14605470278112
1.17433122622543
1.21269985989015
1.19503193738522
1.21821787261021
1.19691940686757
1.18667939110328
1.17106791756162
1.17006109643211
1.43554072825808
1.54033120839402
1.5646333656934
1.37712491025777
1.32431977060773
1.32587898350338
1.31709495883731
1.58377737092934
1.27433500495595
1.52543815241917
1.59825580742696
1.4435545520622
1.60543896028321
1.54147387761661
1.53739216549359
1.61871795025545
1.42990322700115
1.33209914182696
1.43517622733263
1.28892687246131
1.28820000367155
1.27602314760633
1.28377296965391
1.28954712020648
1.28820111927471
1.28742992043828
1.2825541701052
1.28311560942318
1.27768193206199
1.59686590386581
1.61084802111026
1.61708433634363
1.28062875969689
1.28952605197111
1.29486257412707
1.28842662068289
1.28930126404335
1.28395866339157
1.28376722228702
1.28929797007131
1.27361506810053
1.28615568804737
1.28057566291867
1.29002955361951
1.28343972913641
1.28421559556998
1.277171444227
1.28240797202453
1.27363700335332
1.27101840185826
1.28930624929865
1.28986298413596
1.28043407491762
1.27986596883393
1.24322548782894
1.53975979210724
1.25804076975512
1.25313812404192
1.24867724380422
1.53353346821425
1.54742047407052
1.27031733697443
1.26564562858705
1.25972076103461
1.28412601442005
1.26773718651016
1.5379822526854
1.51626621034796
1.51945986862544
1.54008991916723
1.58166584835411
1.26437800207036
1.28069650818367
1.26830887669933
1.26861921018886
1.27536498818382
1.26706523708488
1.28673446002403
1.25680576101515
1.48542392632128
1.25734979440069
1.27926275945071
1.2827905678555
1.27765259095681
1.2766265274595
1.26821613262303
1.51058059881822
1.46346271111828
1.45907746921223
1.4652612554196
1.51200309750315
1.2847820090054
1.29112014656465
1.27072146244052
1.26067445285445
1.27843833590883
1.27455268345497
1.28582649791289
1.27127532001229
1.27775795301889
1.27877042920636
1.28053653812769
1.28600429830193
1.28968603400898
1.28260718434662
1.27528215846621
1.27051276869695
1.27985492138705
1.28202871490745
1.2837056261307
1.28247198979972
1.27796018693083
1.28642566034895
1.27974814865986
1.27884757007644
1.27081970198685
1.28296133422169
1.26137859503862
1.27295140272338
1.28465813428531
1.28388878367654
1.26113848591053
1.25326500969579
1.26661988071925
1.28727634106704
1.27730493713294
1.28052052991488
1.25418419312324
1.27964433962733
1.27193870513685
1.23746628043858
1.23159083337172
1.26566694230478
1.29611258666365
1.30413830671822
1.29501951281859
1.29833852644808
1.29735092890134
1.28966005932404
1.30308983937447
1.29465457187901
1.28960378918458
1.25575913240598
1.28699016258608
1.28936543526191
1.29766008302098
1.30035621486536
1.28345240073053
1.55680997898485
1.54449790701826
1.54926662516155
1.58194209450185
1.32240910880006
1.26061473993511
1.30132696291616
1.30389315213245
1.28494245416073
1.24687117802043
1.29228602353761
1.28720710205006
1.21832143063408
1.23237771949324
1.23382353850646
1.23444902965684
1.26001499966966
1.24117918696976
1.24855833006076
1.26820141255629
1.24904800799746
1.27725851537608
1.28581362422175
1.26065287600482
1.27182523574502
1.27079986575785
1.25890639755526
1.2518362536945
1.24743726245114
1.25659078826906
1.24398737425137
1.2762772091382
1.23067961743344
1.20303051762005
1.24687039808867
1.24499775249277
1.22571815276009
1.17286816040439
1.44338521078478
1.19397500875437
1.23356389836906
1.22902405679949
1.04646569571113
1.0694384229932
1.06338543548452
1.03998268436877
1.09307460104513
1.1426366322863
1.06871506529372
1.07642163983808
1.0642737752544
1.03546792830963
1.07793495139707
1.06888664663296
1.03849632628012
1.04231574858046
1.09659002991992
1.11684599011916
1.10849950942723
1.07807628699612
1.07914534421682
1.10997630178878
1.09106273632702
1.05079292121121
1.07363370552527
1.05672862272768
1.08777358915421
1.06461512366432
1.09058765738725
1.05886747338944
1.03725131137816
1.06047207367136
1.07122456259421
1.0928837555306
1.0731362965382
1.07038756193706
1.07656677601794
1.06303467751434
1.08535596270947
1.08897815645657
1.21219280615343
1.15288694230583
1.16091556665578
1.15411874715939
1.24466388662587
1.18998539276883
1.20763380697928
1.16265632951735
1.1683594252097
1.21681507898084
1.14935161380892
1.15885710938472
1.22944416168691
1.2028647209557
1.23698799415715
1.22911915332388
1.22381850688824
1.21276122397112
1.17770192091018
1.15950392000801
1.18067968475009
1.14635533686258
1.1800957048776
1.18370338241925
1.14180303734324
1.18947167023148
1.15724251253737
1.13365642636847
1.15889426130925
1.16384470966902
1.17453421188155
1.15018181335566
1.1591403703945
1.17634068358021
1.1591324943124
1.14552094293652
1.22660830805385
1.21640173624456
1.17486445400533
1.12833750727899
1.12539232620957
1.18192817054714
1.1412392923929
1.16036996113383
1.19439540821846
1.24785752677649
1.17036577919959
1.14766809533407
1.10666045013503
1.13642436299557
1.10870915577635
1.13249136337227
1.12812076793782
1.14431644048651
1.16046381115859
1.14435277807148
1.12694773486667
1.14095839069774
1.14824306142079
1.14973098592936
1.13714505111763
1.17344565213986
1.13473055154436
1.12234140252836
1.15856124715858
1.16809999767357
1.14040181040032
1.13418972836405
1.16320678691588
1.14729768253003
1.14308990104327
1.1742446327547
1.14484845988864
1.15915672653466
1.13621019439207
1.14840133613401
1.26619141104887
1.17269548156357
1.19037881302368
1.26973742259726
1.28192498496323
1.19010395079376
1.24389975732662
1.15470178109528
1.14148785421051
1.17718189058131
1.20952733007768
1.20862280650646
1.2148649296868
1.23903031297696
1.25361857486481
1.29783732251547
1.2115253107432
1.21024097385483
1.25487946382617
1.35562110049624
1.19532975612212
1.19634035503558
1.22954776925901
1.29325495226364
1.30307597737436
1.34049423476851
1.18668144204442
1.28745738737188
1.16486333634315
1.21696643594337
1.25143773945497
1.35244770222587
1.22407031465738
1.19898502031977
1.27108278606256
1.21639905733616
1.22564566084085
1.3212724636916
1.2665548708922
1.15457646697422
1.20159904037909
1.26952921706107
1.26935760995978
1.16798681656495
1.25504593673495
1.1229392917444
1.15212614916138
1.15724366826505
1.1947477360538
1.15536476329349
1.16959942542882
1.15328857553899
1.23761299759803
1.16048360907
1.16925856039874
1.14565879859304
1.19759861535564
1.22160953366601
1.19387670124022
1.18667993510726
1.16607480705002
1.21425428705152
1.21714135873891
1.19477371106824
1.17172500966789
1.15436742313106
1.17617990286832
1.17696575820422
1.16084175334617
1.17159890836843
1.18738917104442
1.16412504164939
1.24539749044199
1.2273617568197
1.18913694648151
1.20488245263079
1.1824390219666
1.20102055738545
1.18494613750023
1.19528517627779
1.17916698499987
1.17967600713279
1.17121745237139
1.188053962792
1.19780350828975
1.21091416511561
1.20871270066452
1.18268314770078
1.18783020974657
1.18818971973565
1.18931347672654
1.2051520853278
1.18901901909175
1.19232293405876
1.18774455478578
1.23137460774037
1.21804649491472
1.21708967491958
1.23123206436302
1.23134287518156
1.22355812845885
1.51006242847755
1.2417606965284
1.24553828858636
1.22704947536878
1.22214975598779
1.22347647198844
1.22065295732864
1.23052181678351
1.21768086115635
1.23303429476501
1.2232830052059
1.48209747746152
1.21203352156801
1.55691313429692
1.52185244925617
1.52366662704918
1.43895743773764
1.41283176532022
1.60580426660169
1.4451268563461
1.4937670005159
1.50017968767054
1.6073571360506
1.49677125474608
1.52064836881951
1.44261783568774
1.46026328387772
1.41119692118882
1.55778174281464
1.53819494052497
1.56404955405572
1.64971322919464
1.2495603241343
1.36714075895127
1.33690765883731
1.27843044502349
1.28138028268059
1.23262029576153
1.2832567058578
1.28299331037995
1.31008814681112
1.31272912297966
1.31329432972417
1.31544773796913
1.28480383181414
1.55012533686535
1.24280383130549
1.48733805309225
1.50945893672368
1.25429512573847
1.31029013485665
1.38322091857565
1.36335804832574
1.33594566363361
1.36356330484298
1.27921849583375
1.31672919052558
1.35401856438522
1.37958491872271
1.41534249357397
1.29455273366666
1.38449028306101
1.36184345295366
1.36031160831703
1.30075906485116
1.30533252005605
1.28938988064636
1.27745407489745
1.29867790703032
1.31489407876018
1.35766474829776
1.37683882189138
1.37752785048117
1.3327064731026
1.50379812218216
1.51296552742031
1.37176802045793
1.42313431150021
1.46837371663587
1.37349261292098
1.35114367009768
1.29935305830829
1.30300124414866
1.47265448500344
1.4258508152508
1.41551552595147
1.46515125847401
1.31017717070241
1.35232266718781
1.24563117413055
1.24993638529612
1.26575719235771
1.18510193404918
1.21874052441602
1.22108950540634
1.18624199759838
1.2748478427582
1.2481948643361
1.23995457006675
1.22561845843062
1.19667682124328
1.1868640454398
1.18324722379142
1.20750139974207
1.17490718566008
1.17446214549064
1.12000307241321
1.23327743311359
1.14767840914812
1.36368507960814
1.361912434172
1.44303986471735
1.1696085422718
1.22423426463532
1.18490360974615
1.37457737402361
1.35427142210353
1.35169474090626
1.35407722920528
1.36709714834237
1.41141551699292
1.20436523562523
1.17561747581253
1.18919590229441
1.17052705315503
1.23300184354607
1.19057230018992
1.19723684939596
1.15743824208198
1.11616665742631
1.11530986036803
1.10771701860726
1.1276149688594
1.11754945577416
1.10687783616517
1.15721665502512
1.13339124169515
1.11445226386685
1.09607697648086
1.07941024542512
1.11506951034084
1.1087221024699
1.11170633708973
1.1074498902052
1.10785652823157
1.13078453020793
1.18371305603625
1.21210914683794
1.203341905453
1.16087278969212
1.18213483886886
1.18297512893987
1.17431990730189
1.24445787518958
1.25206252195447
1.19642851181843
1.21682957539432
1.20111754266461
1.18191826997249
1.1739983300797
1.14938205512043
1.1645037591219
1.16727876990941
1.17029116907723
1.19618024746278
1.10660262197096
1.10631283433026
1.0602524512423
1.15075668529982
1.09464487336811
1.13562127288082
1.09374922026213
1.17761108611431
1.14740976793193
1.09720703607053
1.06916400194112
1.07898907006865
1.08706807319327
1.08872489506816
1.1085007838294
1.09332742919084
1.13074646099405
1.11106301534601
1.17726369371301
1.22503334623256
1.23676682620972
1.21616907028001
1.46745625293346
1.47587577885412
1.19833591736901
1.21623922557477
1.19350864195246
1.22899873498964
1.24287349949526
1.22146815135069
1.44400725050917
1.41464215114783
1.41238277564606
1.41312851952267
1.44074007077203
1.48683168481381
1.24116150900388
1.20683891523836
1.20389700822254
1.22030572699351
1.22346569401435
1.22289741778336
1.21746488191695
1.19094471059102
1.21820769169575
1.20755761610801
1.23190962200847
1.21858932238497
1.19502097238046
1.22775831652242
1.20470391694422
1.21484553975155
1.22403608440136
1.21215398187437
1.24425577262347
1.23349600257435
1.18944107623181
1.2713488198688
1.26319860926197
1.24720740821741
1.2127147708753
1.21613164088184
1.24494474097676
1.25328621125919
1.26997773568954
1.27319310685035
1.15123822396247
1.28091891367945
1.26820978994665
1.19782571983065
1.20916692679639
1.16877479139495
1.19634602916352
1.2190459754361
1.2130622377961
1.23103711084884
1.22486602177481
1.25760811131303
1.23486247181986
1.25043871710715
1.19227993895347
1.20856866363087
1.21719750324572
1.16253667991007
1.25044283875217
1.23730433864801
1.23836862971358
1.2224725430713
1.20452700875932
1.23384258233935
1.19524809045263
1.17901494725494
1.19732897351899
1.23168561393131
1.22006025397615
1.18602617554983
1.16949595456527
1.17590518617533
1.17225526731497
1.16576766199878
1.1632254762827
1.17409624034968
1.17227791544099
1.17316818232454
1.18796331414186
1.1866534997579
1.18783972433969
1.19063051261349
1.18700050707307
1.16710806146279
1.15234254280534
1.1534691621503
1.16708295622293
1.17804863773393
1.17332420291044
1.18428646404378
1.17935213503016
1.15860076775116
1.37356080614908
1.38075501050273
1.17961746565456
1.17494627022874
1.2059628056227
1.17530912756483
1.16617082310501
1.16049998941334
1.37652089563938
1.35187807713406
1.32026083396349
1.3200358352999
1.33059958428858
1.14194462207442
1.1733563688144
1.46917305641415
1.40635967367766
1.51551669722303
1.45146630248652
1.37859951568141
1.68683644206777
1.4574210223481
1.30930626282349
1.22383300035777
1.23539133494963
1.24237647965021
1.31066492731042
1.36170522355452
1.2899170117367
1.46917466245234
1.30388045875381
1.31159937520733
1.3972862147541
1.40659266056927
1.08973338313039
1.10537297012477
1.09227240215049
1.0972316144616
1.05821757004156
1.09576196460747
1.08190012559382
1.07347755553376
1.10279598831846
1.10440463202686
1.07948501023666
1.08522001830273
1.0442650729338
1.08273374555168
1.10043703240583
1.10803948833589
1.09781690455734
1.09827220844092
1.09016087414299
1.05222731503663
1.03747574390205
1.04579945576086
1.06076068777461
1.07411440871009
1.05674112702999
1.04444278789081
1.03525740955627
1.03594113873925
1.03084279985471
1.10336061420109
1.09208937219122
1.07803862533515
1.06421386197999
1.05365326815748
1.05601030376988
1.06580906350504
1.0588067693427
1.04895918953387
1.21193613456711
1.22594008521005
1.18612632431139
1.20340918626228
1.21471123647424
1.21755627097697
1.18170740401721
1.22155918760681
1.21736019716751
1.22478851483049
1.16392460648395
1.21440102012363
1.15266633846677
1.21159868545252
1.22853577385681
1.22357101173964
1.2172159439867
1.20955270776407
1.21172774375892
1.16206677367754
1.14649101699207
1.19558763692076
1.20550922087597
1.14434708172576
1.0837757976202
1.12985399241136
1.16372344005575
1.21206146788894
1.18806702577788
1.16405251977099
1.15392895220068
1.19118811571573
1.14103247883608
1.09359060746249
1.17218809629307
1.17343542088852
1.17799924374559
1.19164663497041
1.1035905666892
1.33353455676239
1.34610607033162
1.14576632806312
1.19560193869596
1.17859475459602
1.35635182200196
1.32840404697268
1.32576428114676
1.32838766300777
1.33516580896425
1.38813656239642
1.18342831220447
1.162575024831
1.23552896324787
1.23693567876442
1.21613018175832
1.11126646448298
1.11004396832557
1.26982881483043
1.19762716028562
1.08392103528288
1.30388362696723
1.1698620707839
1.12961619211384
1.26240429397764
1.22584658025809
1.19919420443539
1.22112145029753
0.969164253729171
1.0439698386209
1.31108186007226
1.26316985083458
1.1765330466588
1.29704830891771
1.19788255773815
1.07854610874291
1.22709707158586
1.24780520179846
1.23197076866814
1.21225708812021
1.27092686255013
1.26960061482312
1.27009847312711
1.20377932728522
1.21362008441712
1.26087381139094
1.18629139796937
1.23949049899447
1.22008066040843
1.2515544072545
1.27318222404609
1.31452807539305
1.20748768912935
1.21198893890996
1.19648423413157
1.21020273364469
1.30523361257177
1.31043858144265
1.22185678997058
1.30378572563527
1.24847211827668
1.29096178814028
1.24935904538266
1.2573964386646
1.27945913232479
1.21528181815308
1.2326675903528
1.22010736455787
1.29826574069218
1.26242620990101
1.28842140052464
1.25587267242044
1.28349144468684
1.25482214058136
1.2166098673862
1.16429730641388
1.15491173073331
1.15363014804445
1.14376389646431
1.13584855427209
1.37493324185384
1.39516254342444
1.17517875177313
1.17266327831919
1.17555211198105
1.14125891329823
1.1654794206147
1.14367548130162
1.13848081496712
1.14828664854041
1.11838287780616
1.34748628295242
1.34955415556243
1.43056414437557
1.22288119006001
1.16791727370667
1.18793357410847
1.16318451115733
1.22311481286376
1.23943339303774
1.2074469235542
1.21763332463689
1.18699641939391
1.13198321617175
1.18962087942141
1.18849539400268
1.18798158372082
1.28409728329014
1.18648320792633
1.22980110267251
1.17914675220806
1.2159517301007
1.29047658491138
1.01117067397947
1.03509405644608
1.05421509369359
1.00797676382086
1.04179480325423
1.04011656466371
1.02444725636811
1.02458532514683
1.05845101249093
0.99471512168133
1.00110158286334
1.00911720991852
1.04135175689266
1.02994966627961
1.05064820426594
1.08535852069126
1.0347035461792
1.04355021647259
1.00529567488861
1.03966162833435
0.99399697677562
0.992444606571973
0.980829918048628
0.983974173838219
1.05332414359511
1.00105183159949
1.01623226358022
1.00765086244161
1.04967558717157
0.975637359407181
0.989948783547081
1.00766115231339
1.01725482525689
0.99676425187905
1.00298062042177
1.05302901293172
1.01712644580205
1.03198641055526
1.03062114157102
1.02024431299162
1.04221738827433
1.03419032071224
1.01189231171683
1.01999043234914
1.02739343173526
1.04166138455389
0.999480157937436
1.02106005981664
1.04295312378667
1.06615991814563
1.07050985708768
1.08214101064703
1.12753348334279
1.10239063041487
1.15479997636111
1.13741667771899
1.0525883007881
1.24249766993749
1.23671735770187
1.21158540863032
1.23022745994859
1.24020460330595
1.23653092587769
1.21496671951646
1.25258099137619
1.23163523164445
1.22876317457147
1.21438528867434
1.25440401478496
1.22565148021559
1.24586081870095
1.23258406868779
1.23208028872203
1.22807309091575
1.25346661364572
1.24058509603072
1.25549019280939
1.27257248867792
1.20166005269764
1.16908868588241
1.1993826235059
1.26266982037099
1.27119739856008
1.24714234451538
1.26436122298335
1.25815024109
1.19020636396536
1.19556006587502
1.26867996376967
1.19024412303949
1.20146840715
1.29616890178137
1.27438955857263
1.17365324653715
1.29790870104963
1.22373921614357
1.24044957657984
1.1615441961988
1.20435662352932
1.2098601402467
1.16152322024573
1.15966859542655
1.25085975958046
1.25385351189856
1.26579999904514
1.13951050917339
1.20065562910176
1.25428915071018
1.49315987189395
1.19060095617787
1.21378415258436
1.18972353163159
1.22815156012742
1.22855219747037
1.18677547980176
1.32256664736928
1.32599627248627
1.08300012508209
1.04202113159648
1.19493907941614
1.19550925728702
1.21188031427103
1.13698665393086
1.23321112019178
1.14410896834286
1.31571215270315
1.25599779115814
1.08678807772861
1.31574194544504
1.15045089221574
1.27806439031559
1.28948040629033
1.31829666903586
1.29671107633241
1.31159017211815
1.28554048159611
1.32008949564366
1.28163786237884
1.19995304787054
1.30331493847977
1.32891718877187
1.36198071762891
1.11954957499835
1.24444522896486
1.34946376117078
1.2549899355949
1.21015945508444
1.3079608142233
1.17117357077266
1.14272494254394
1.3464229586754
1.27800380864909
1.30836008547754
1.21552073298288
1.20747356389553
1.31862207968561
1.00443260838638
0.980719745891675
1.07703649086655
1.14075661538462
1.23415287146354
1.27779647042324
1.29046383686645
1.19186081867619
1.22228097249017
1.01392134972243
1.22668206358557
1.15787241352568
1.30513299544265
1.25878353140393
1.20765274656779
1.24596586449507
1.24915618849716
1.24581139378349
1.24003593656463
1.24184208520521
1.23363551767032
1.22608907552689
1.25048157380341
1.27227857535178
1.27259582640275
1.25742425533429
1.246891622454
1.24455272347557
1.22608858841367
1.21880277458347
1.2372848647925
1.25076928090269
1.24418118792883
1.24475307450865
1.25219701036677
1.24157235997061
1.20821672032452
1.18875344383922
1.1944649937236
1.22450615911186
1.22222153981819
1.20669366373846
1.2507952076978
1.2263224602933
1.22326080470512
1.20109532324038
1.22209362375635
1.19360548609915
1.18695351371606
1.23074075427137
1.20998254227044
1.22852830532942
1.23238721347331
1.17023047613548
1.13970122463993
1.1420746850536
1.16117412171986
1.17368181513166
1.20167905140768
1.1808681181706
1.12459969581461
1.12531053680363
1.14920224030186
1.16713667959923
1.15320094414015
1.1608812676961
1.16527583358621
1.17784984056062
1.16841886296485
1.19751051742184
1.16395097708141
1.13401281960456
1.26060306574109
1.26464016848274
1.2574090037396
1.25579755468587
1.24567918597783
1.25253632415319
1.25490784847963
1.26527519542429
1.2736469436427
1.26301457701545
1.2673411110284
1.25371707622704
1.25646547398106
1.25889252007
1.26569575648985
1.13516119830078
1.24753621136658
1.2563561911055
1.26605628032455
1.15112891755785
1.16565070269112
1.16766273975099
1.16864420728852
1.18368872509721
1.12074514372405
1.1293476181088
1.12958559190402
1.13194746424955
1.10909369356111
1.11671932268765
1.10807050855315
1.10399347351795
1.12099871531965
1.10611859211259
1.06821214146111
1.05908072607924
1.06722519762998
1.12573341101934
1.04492354779303
1.11672071432463
1.07123179331867
1.05558542827508
1.28949910490253
1.30161561588485
1.34707572179369
1.08717647376793
1.09366229762861
1.07193268101607
1.07891797113846
1.07940942403069
1.05947728141202
1.28218719478689
1.28639822163294
1.29434198645442
1.30414202294217
1.31591819145344
1.35802110975314
1.08568188357081
1.09841831756107
1.04650511947364
1.07781228749862
1.12408351144122
1.1051076868496
1.11633326085462
1.0991638788927
1.09716452645457
1.11731453240841
1.07515330958728
1.04335823302898
1.08656654337746
1.09328481816231
1.13009289772285
1.1545700421375
1.1013915161927
1.16127311317954
1.12419231611394
1.10714789890072
1.09640063682002
1.08124802693358
1.08882289793059
1.07922950951076
1.07444096051599
1.10289419388602
1.1104154066842
1.11065453142976
1.05944762064648
1.08438705675555
1.12418686996714
1.09222145995616
1.07804380414681
1.07151342639976
1.06122383434007
1.05198639653478
1.05527083861643
1.09115939044612
1.15490010173126
1.10291511526675
1.16289758059305
1.15371994910467
1.16198720564825
1.16238888237655
1.15956884282869
1.1512545908759
1.1577367716028
1.11535669261528
1.17685543891311
1.13152145006239
1.15453320579369
1.16575470707098
1.1847408064731
1.16453359213416
1.18858231990122
1.14046940144811
1.1518641047047
1.12696934974466
1.05882605811205
1.13889018161675
1.15327346012192
1.11106104358381
1.13483367587484
1.12938461020595
1.06270997515692
1.07397184137597
1.10352844750912
1.10982357198549
1.17113154699204
1.16906115070071
1.13075365617558
1.12638362002292
1.13491136389094
1.14732582636632
1.10349929073171
1.08673128966688
1.05660136738196
1.05624880114387
1.03150991556623
1.0688861536207
1.02687973429407
1.04917992255174
1.0574933554883
1.05806064806357
1.043570513051
1.03267134748792
1.06274614114878
1.07354762726096
1.07332277325881
1.03769343773635
1.01822329557128
1.03532829491191
1.04125428244068
1.0573367695108
1.05872013288491
1.1738806841824
1.17763142247901
1.17066769159444
1.14970472710335
1.16106443604181
1.16127560706993
1.1633564679707
1.18626128425602
1.16899861330937
1.16465709327041
1.17399041462152
1.14901985902982
1.15230033271344
1.1404271929024
1.14800388322731
1.11902767809259
1.16765433614262
1.1744074873677
1.16785658437678
1.0759744730906
1.11380191884916
1.15002960883657
1.09037734067561
1.09226316277766
1.06227761848556
1.05587889960179
1.0767022625255
1.07923980907607
1.15764636021765
1.11484021575431
1.03389609147172
1.06721352230326
1.07539395776723
1.09482068835934
1.07963549899653
1.07643657186703
1.09390028128939
1.05551073595203
1.08666055486102
1.09935907484296
1.10428238880697
1.09036185024138
1.11630906433889
1.0747249811386
1.09345879038408
1.08391454979461
1.06628314654851
1.05407351140726
1.05252582235289
1.04602081779459
1.11410066441133
1.07997273135231
1.09129662259682
1.1136347100817
1.12894390990634
1.11267933898228
1.11965930978235
1.11342236525213
1.09455344064305
1.08827546763672
1.02342253831652
1.08785325353472
1.0536617345091
1.01752789818544
1.04366468369712
1.10917676142359
1.08160665655447
1.00794769194753
1.0482010245065
1.08051205183326
1.02785770616191
1.08618765620322
1.08093407492104
1.07190043083503
1.07120098881853
1.08415125744357
1.12324983417218
1.11671495759667
1.11693191833318
1.11868371193167
1.14361357276153
1.15368326130313
1.12600226094979
1.12773426817809
1.13134668766597
1.11434281310658
1.13572283547953
1.12195594769996
1.12220733869925
1.12483229079296
1.1475184619519
1.16607432674601
1.15208609573819
1.16547132347295
1.15285155445673
1.15112891755785
1.16565070269112
1.16766273975099
1.16864420728852
1.18368872509721
1.15157626276958
1.16121523048757
1.16714113824378
1.16106241294229
1.12395128413215
1.12408044946483
1.11355086247203
1.14472161450192
1.1816279485331
1.17858364297748
1.16184413615626
1.15489698843467
1.16901007727609
1.16994120773658
1.24457542844917
1.22700244983161
1.24455988969427
1.2526580125906
1.23990353160266
1.22708048633359
1.23315707791908
1.24512605322129
1.23311046603983
1.2473240296491
1.21683013251344
1.22709543280218
1.19086587044416
1.17775583970619
1.23033777984862
1.23081721894003
1.16546980768844
1.24308191989257
1.23816814807877
1.31072467349284
1.34646326505013
1.24623800320757
1.29479277172551
1.31213428919613
1.28279648425018
1.3237113447453
1.36099666157168
1.07200453426329
1.32218978259672
1.19778257998145
1.34462585328769
1.24899933919411
1.28382710793451
1.26745173553502
1.26799566378457
1.25407765864425
1.28552618455977
1.28897977903815
1.3371326386128
1.28346854676277
1.26185012122675
1.26610205792148
1.33769981559145
1.30435742244331
1.27743449434122
1.22075966664989
1.28684977534419
1.14658375390766
1.27435494796377
1.34164313553422
1.34019740470224
1.33538770946715
1.31629755020984
1.26536551093348
1.27945605586405
1.26639295142564
1.25568905920788
1.23775325847137
1.23398233835504
1.27233065501317
1.22799370881855
1.24463918525761
1.23153471257872
1.23235998065121
1.2139880244323
1.23300869277109
1.23851809556827
1.26558372149593
1.26010545803712
1.2541759421682
1.2482072014881
1.23204126710238
1.21997569121498
1.22320048781753
1.22931663618969
1.25314320226482
1.33356994513264
1.33507740121093
1.32999031502648
1.34779627926939
1.35173949581382
1.34834950803462
1.25767891687365
1.32124566715882
1.28847553718135
1.2245658395907
1.34724245016
1.24259695544209
1.27162567157959
1.33472435819117
1.23157744351283
1.33213292834655
1.33596902150343
1.35448458855308
1.34237504263683
1.13613004529762
1.1440997421753
1.12276545828582
1.16080617898143
1.36053423711927
1.33842141511939
1.10096308926035
1.12706888745799
1.0914066462885
1.10291737951331
1.08476643207897
1.13890304643569
1.12172864544186
1.12883505062314
1.34039152026093
1.31725161371062
1.30804163250662
1.31117268060623
1.33858763674323
1.18081755218309
1.1056331823543
1.17507934442249
1.1739713617389
1.11125775797058
1.13670918711835
1.12370213335234
1.15381226525479
1.12995294388607
1.12514921028222
1.10723233386061
1.11952014006629
1.13608586637354
1.1446385823697
1.13914586043275
1.12828854873039
1.12750690923498
1.13027957756086
1.14100170123665
