4.476399458057659340e-03 1.460023828500257581e+00 4.663052171609404634e-03 4.663052171609404634e-03 4.663052171609404634e-03 4.663052171609404634e-03 5.381552839363159223e-03 3.460300791254473322e-03 5.645354891763591787e-03 5.743171089837951354e-03 5.964378763889765893e-03 7.603965158887440387e-03 6.305482931314091224e-03 5.532453229843456444e-03 4.292740902404084367e-03 4.101524225856534485e-03 4.232896612733003973e-03 8.643575303241638743e-04 2.011221020130238291e-03 5.442805709993476550e-03 3.850683193533479317e-04 4.129901369291391795e-03
3.520677152131263532e-01 9.027377313157084471e-01 6.108525315236293940e-01 6.108525315236293940e-01 6.108525315236293940e-01 6.108525315236293940e-01 5.897886511262628861e-01 5.717338964999487683e-01 5.506700161025820384e-01 5.265970099341632515e-01 4.543779914289065025e-01 3.821589729236499200e-01 5.326152614762680315e-01 3.972046017789117589e-01 3.430403378999692388e-01 4.122502306341735978e-01 4.032228533210164834e-01 3.731315956104928055e-01 4.995148779946920192e-01 4.002137275499640934e-01 3.550768409841786877e-01 4.002137275499640934e-01
1.151424712434709619e-01 3.265744702697505608e-01 1.268659350520763840e-01 7.855326251472473376e-02 5.313006051472473484e-02 3.638438087193369280e-02 1.290148483356130527e-01 1.310687867982091581e-01 1.330669441894740679e-01 1.268659350520763840e-01 1.268659350520763840e-01 1.268659350520763840e-01 1.786208797497970402e-01 1.919895767872889514e-01 2.861782548481672239e-01 2.566067587691823748e-01 1.751902654641611101e-01 2.015207626005380281e-01 2.218941537195205649e-01 2.449906440581853528e-01 2.842850362587048263e-01 3.561610046331226131e-01
7.812369600680200976e-02 0.000000000000000000e+00 0.000000000000000000e+00 0.000000000000000000e+00 0.000000000000000000e+00 0.000000000000000000e+00 0.000000000000000000e+00 0.000000000000000000e+00 0.000000000000000000e+00 0.000000000000000000e+00 0.000000000000000000e+00 0.000000000000000000e+00 0.000000000000000000e+00 0.000000000000000000e+00 0.000000000000000000e+00 0.000000000000000000e+00 0.000000000000000000e+00 0.000000000000000000e+00 0.000000000000000000e+00 0.000000000000000000e+00 0.000000000000000000e+00 0.000000000000000000e+00
1.312672260103986757e-02 0.000000000000000000e+00 0.000000000000000000e+00 0.000000000000000000e+00 0.000000000000000000e+00 0.000000000000000000e+00 0.000000000000000000e+00 0.000000000000000000e+00 0.000000000000000000e+00 0.000000000000000000e+00 0.000000000000000000e+00 0.000000000000000000e+00 0.000000000000000000e+00 0.000000000000000000e+00 0.000000000000000000e+00 0.000000000000000000e+00 0.000000000000000000e+00 0.000000000000000000e+00 0.000000000000000000e+00 0.000000000000000000e+00 0.000000000000000000e+00 0.000000000000000000e+00
1.006492186687425600e-01 2.678680797172185435e-01 1.352133122564875833e-01 1.352133122564875833e-01 1.352133122564875833e-01 1.352133122564875833e-01 1.326752420765852925e-01 1.301180783909552385e-01 1.275866362962851941e-01 1.236485023671583666e-01 1.131760628721805856e-01 1.020868598753020412e-01 1.078529816346238956e-01 1.066327156951807353e-01 9.871105461543695780e-02 1.098025250608781200e-01 1.071314232673615946e-01 1.025700094684064839e-01 1.219611978778238209e-01 1.068397237268360334e-01 1.000934422912004435e-01 1.078237490534421639e-01
-9.889137769421142699e-02 -4.371133957545585424e-01 -1.719101119854593851e-01 -1.719101119854593851e-01 -1.719101119854593851e-01 -1.719101119854593851e-01 -1.659520542096553086e-01 -1.608844448339127042e-01 -1.548910223743288905e-01 -1.481757510345547424e-01 -1.278548913509378049e-01 -1.074683395904193622e-01 -1.510767795899378707e-01 -1.116339541115556333e-01 -9.638217063447872268e-02 -1.158399336336255192e-01 -1.133888613414815033e-01 -1.049444652663118066e-01 -1.404743607820195805e-01 -1.124769649538490401e-01 -9.984348572196367899e-02 -1.124242874210961973e-01
1.596758408719453071e-01 5.875478358663985823e-01 2.776120844719308645e-01 2.776120844719308645e-01 2.776120844719308645e-01 2.776120844719308645e-01 2.679651728671603172e-01 2.594927573596813031e-01 2.494069177661077663e-01 2.388689326207200370e-01 2.058899384739897309e-01 1.722401320447509987e-01 2.436506620031208825e-01 1.800566789142810931e-01 1.558539260427848905e-01 1.873352494926465717e-01 1.831703183677860503e-01 1.700355845106998054e-01 2.273227962405808822e-01 1.809723870606523288e-01 1.618358943336181133e-01 1.810367645274096327e-01
9.130373329319191322e-02 4.054802597776677869e-02 2.235841618957006352e-02 2.126850250901698297e-02 2.126850250901698297e-02 2.059566666467849833e-02 2.174697810514628418e-02 2.109053992136999955e-02 2.040204099059026235e-02 2.235841618957006352e-02 2.235841618957006352e-02 2.235841618957006352e-02 2.822346708097409063e-02 1.536638237772530030e-02 1.197159358865424600e-02 1.670640407943098371e-02 1.648827086319714155e-02 1.461351368805707124e-02 2.097412683570526806e-02 1.605690273994591147e-02 1.306852499310362341e-02 1.619273564682127686e-02
2.304873795027904959e-02 2.336277229198376743e-02 1.327807586250633921e-02 1.304972000570775968e-02 1.304972000570775968e-02 1.290874920725519973e-02 1.311421223046676729e-02 1.294011887683916770e-02 1.276017319888381532e-02 1.327807586250633921e-02 1.327807586250633921e-02 1.327807586250633921e-02 1.420915366882293147e-02 1.134981940956367522e-02 1.038288125951293724e-02 1.175971868975139549e-02 1.164419360096397883e-02 1.111308491248097323e-02 1.305967388381532382e-02 1.152722431823947208e-02 1.067430926560121625e-02 1.158193698630136798e-02
7.900000000000000121e-04 2.626636720000000147e-01 9.122944299999999340e-02 4.423504000000000325e-02 1.881183800000000086e-02 2.879964999999999956e-03 9.415365800000000118e-02 9.703812800000000127e-02 9.990472999999999715e-02 9.122944299999999340e-02 9.122944299999999340e-02 9.122944299999999340e-02 1.361882590000000059e-01 1.652733750000000001e-01 2.638237800000000077e-01 2.281406360000000078e-01 1.470578009999999880e-01 1.757941640000000028e-01 1.878603530000000077e-01 2.174065169999999936e-01 2.605422020000000005e-01 3.283863320000000030e-01
-7.661643800813879024e-02 -3.938295840636702461e-01 -1.282961805389390419e-01 -1.282961805389390419e-01 -1.282961805389390419e-01 -1.282961805389390419e-01 -1.242032184426762748e-01 -1.201247470687298036e-01 -1.161326628895986007e-01 -1.100133468834534750e-01 -9.429715447152925423e-02 -7.858096205962750158e-02 -8.663047638140587703e-02 -8.490453552495429157e-02 -7.399528672280782093e-02 -8.941249861223800333e-02 -8.560846928376582288e-02 -7.924502423116790151e-02 -1.074259457284514468e-01 -8.519649562429656986e-02 -7.586159282273324811e-02 -8.658898366889831999e-02
8.884645703215102511e-03 1.619184337987782107e-02 3.923955290005012864e-02 3.923955290005012864e-02 3.923955290005012864e-02 3.923955290005012864e-02 3.786107187640336963e-02 3.635821100427840541e-02 3.474618359404822027e-02 4.546419526872473582e-02 5.264266838767153733e-02 6.251303150769235706e-02 2.577766044623754915e-01 2.648046813181335890e-02 1.887451188630075161e-02 1.132389942094332719e-02 3.160482999766166951e-02 2.709407340613393528e-02 1.510393442857953586e-02 2.781535252037578912e-02 2.058700982987432537e-02 9.855091779167598348e-03
1.927900560459681672e-03 6.287921837454456542e-01 2.008287684141764166e-03 2.008287684141764166e-03 2.008287684141764166e-03 2.008287684141764166e-03 2.317729035114652648e-03 1.490290390852045408e-03 2.431342045652145657e-03 2.473469205537310971e-03 2.568737935873228063e-03 3.274868147432435407e-03 2.715643293566225372e-03 2.382718196990314501e-03 1.848803256869762865e-03 1.766450774639575496e-03 1.823029766728416099e-03 3.722722354462325409e-04 8.662038224739939275e-04 2.344109110394414566e-03 1.658498225136059484e-04 1.778671956934046007e-03
3.117179338146412459e-01 7.989468577255874893e-01 5.402131573584089130e-01 5.402131573584089130e-01 5.402131573584089130e-01 5.402131573584089130e-01 5.217339867585277791e-01 5.048000659941830337e-01 4.859008687006071137e-01 4.652757930081615756e-01 4.012598495932509501e-01 3.364391065487020716e-01 4.709094148634327959e-01 3.514085208232939350e-01 3.041612781693509016e-01 3.653211144526085641e-01 3.569770953066771502e-01 3.306327432174235859e-01 4.422705923980507769e-01 3.531670614975708222e-01 3.146611218311212710e-01 3.531670614975708222e-01
0.000000000000000000e+00 0.000000000000000000e+00 0.000000000000000000e+00 0.000000000000000000e+00 0.000000000000000000e+00 0.000000000000000000e+00 0.000000000000000000e+00 0.000000000000000000e+00 0.000000000000000000e+00 0.000000000000000000e+00 0.000000000000000000e+00 0.000000000000000000e+00 0.000000000000000000e+00 0.000000000000000000e+00 0.000000000000000000e+00 0.000000000000000000e+00 0.000000000000000000e+00 0.000000000000000000e+00 0.000000000000000000e+00 0.000000000000000000e+00 0.000000000000000000e+00 0.000000000000000000e+00
2.029600000000000154e-02 3.069041699999999762e-01 7.837749400000000588e-02 5.503105500000000233e-02 4.240101400000000076e-02 3.448618800000000095e-02 7.735845099999998087e-02 7.632071499999998343e-02 7.531160000000000632e-02 7.837749400000000588e-02 7.837749400000000588e-02 7.837749400000000588e-02 5.558974900000000774e-02 4.546322900000000777e-02 6.736722200000000438e-02 6.260764800000000185e-02 4.311853400000000003e-02 4.900426499999999824e-02 6.040081399999999018e-02 6.482868099999999911e-02 7.391823100000000091e-02 9.571215000000000972e-02
1.992200000000000915e-01 0.000000000000000000e+00 0.000000000000000000e+00 0.000000000000000000e+00 0.000000000000000000e+00 0.000000000000000000e+00 0.000000000000000000e+00 0.000000000000000000e+00 0.000000000000000000e+00 0.000000000000000000e+00 0.000000000000000000e+00 0.000000000000000000e+00 0.000000000000000000e+00 0.000000000000000000e+00 0.000000000000000000e+00 0.000000000000000000e+00 0.000000000000000000e+00 0.000000000000000000e+00 0.000000000000000000e+00 0.000000000000000000e+00 0.000000000000000000e+00 0.000000000000000000e+00
0.000000000000000000e+00 0.000000000000000000e+00 0.000000000000000000e+00 0.000000000000000000e+00 0.000000000000000000e+00 0.000000000000000000e+00 0.000000000000000000e+00 0.000000000000000000e+00 0.000000000000000000e+00 0.000000000000000000e+00 0.000000000000000000e+00 0.000000000000000000e+00 0.000000000000000000e+00 0.000000000000000000e+00 0.000000000000000000e+00 0.000000000000000000e+00 0.000000000000000000e+00 0.000000000000000000e+00 0.000000000000000000e+00 0.000000000000000000e+00 0.000000000000000000e+00 0.000000000000000000e+00
8.694088906674786454e-03 4.469001048527592584e-02 1.455847372954257972e-02 1.455847372954257972e-02 1.455847372954257972e-02 1.455847372954257972e-02 1.409402279340180378e-02 1.363121619927492624e-02 1.317821243561269166e-02 1.248381996855742714e-02 1.070041711590660749e-02 8.917014263256155607e-03 9.830436956721687672e-03 9.634584948410176639e-03 8.396652443888685466e-03 1.014612833110814516e-02 9.714464186372015822e-03 8.992369052764888002e-03 1.219021331881278876e-02 9.667715267787471353e-03 8.608432468928275613e-03 9.825728550265698177e-03
-3.307771339865511750e-01 -1.217137237220339951e+00 -5.750884314663089469e-01 -5.750884314663089469e-01 -5.750884314663089469e-01 -5.750884314663089469e-01 -5.551043344398812751e-01 -5.375532657768197220e-01 -5.166599069014714551e-01 -4.948299017379984011e-01 -4.265121347159172571e-01 -3.568047451342588605e-01 -5.047355123162894364e-01 -3.729971428267633837e-01 -3.228598322385620722e-01 -3.880750935428832205e-01 -3.794472138337706135e-01 -3.522378974453292400e-01 -4.709114520542527771e-01 -3.748940816701207823e-01 -3.352517953140887741e-01 -3.750274406598441690e-01
3.307771256300164331e-01 1.217137065048456757e+00 5.750884218948653093e-01 5.750884218948653093e-01 5.750884218948653093e-01 5.750884218948653093e-01 5.551043236467654296e-01 5.375532574779356976e-01 5.166598962023047914e-01 4.948298910037186582e-01 4.265121240174593598e-01 3.568047331692947854e-01 5.047355015958659985e-01 3.729971320427660775e-01 3.228598227074892524e-01 3.880750839825196641e-01 3.794472042832156555e-01 3.522378939239452222e-01 4.709114460899545551e-01 3.748940709091507784e-01 3.352517930020973425e-01 3.750274323074253013e-01
-1.832619445169091659e-06 -5.977158814806718401e-04 -1.909033659170808509e-06 -1.909033659170808509e-06 -1.909033659170808509e-06 -1.909033659170808509e-06 -2.203181733279514148e-06 -1.416636939289494022e-06 -2.311179737225094002e-06 -2.351224879572524998e-06 -2.441785218269943915e-06 -3.113016910954454751e-06 -2.581430187844264729e-06 -2.264958986848122233e-06 -1.757431305494104444e-06 -1.679148865316277930e-06 -1.732931598314371004e-06 -3.538737171240112503e-07 -8.233941112435474363e-07 -2.228258046816757424e-06 -1.576531569884530642e-07 -1.690766049716318776e-06
4.536274804470272377e-03 1.162667305169032446e-02 7.861451231822528390e-03 7.861451231822528390e-03 7.861451231822528390e-03 7.861451231822528390e-03 7.592533127002817385e-03 7.346102268296204885e-03 7.071071725592361322e-03 6.770925339855162796e-03 5.839333411075945356e-03 4.896029636789804573e-03 6.852908614180264375e-03 5.113872017497639831e-03 4.426306583552407428e-03 5.316335017213984736e-03 5.194908690032520523e-03 4.811532542371935867e-03 6.436142189516803024e-03 5.139463178249081658e-03 4.579105544044967911e-03 5.139463178249081658e-03
0.000000000000000000e+00 0.000000000000000000e+00 0.000000000000000000e+00 0.000000000000000000e+00 0.000000000000000000e+00 0.000000000000000000e+00 0.000000000000000000e+00 0.000000000000000000e+00 0.000000000000000000e+00 0.000000000000000000e+00 0.000000000000000000e+00 0.000000000000000000e+00 0.000000000000000000e+00 0.000000000000000000e+00 0.000000000000000000e+00 0.000000000000000000e+00 0.000000000000000000e+00 0.000000000000000000e+00 0.000000000000000000e+00 0.000000000000000000e+00 0.000000000000000000e+00 0.000000000000000000e+00
9.879999999999999893e-01 2.888611850999999930e+01 5.858573623999999924e+00 5.813588391999999772e+00 5.789252119000000363e+00 5.774001388000000290e+00 5.393409848000000117e+00 4.927324340000000191e+00 4.466774961999999682e+00 5.858573623999999924e+00 5.858573623999999924e+00 5.858573623999999924e+00 1.139177703000000008e+01 1.083934793999999924e+00 -2.441608999999999533e-03 2.008591678999999797e+00 1.420669879999999941e+00 8.160483039999998356e-01 4.324421939999999687e+00 1.280615040999999898e+00 3.007739850000000215e-01 1.618616344999999956e+00
9.320650000000002322e+00 0.000000000000000000e+00 0.000000000000000000e+00 0.000000000000000000e+00 0.000000000000000000e+00 0.000000000000000000e+00 0.000000000000000000e+00 0.000000000000000000e+00 0.000000000000000000e+00 0.000000000000000000e+00 0.000000000000000000e+00 0.000000000000000000e+00 0.000000000000000000e+00 0.000000000000000000e+00 0.000000000000000000e+00 0.000000000000000000e+00 0.000000000000000000e+00 0.000000000000000000e+00 0.000000000000000000e+00 0.000000000000000000e+00 0.000000000000000000e+00 0.000000000000000000e+00
0.000000000000000000e+00 0.000000000000000000e+00 0.000000000000000000e+00 0.000000000000000000e+00 0.000000000000000000e+00 0.000000000000000000e+00 0.000000000000000000e+00 0.000000000000000000e+00 0.000000000000000000e+00 0.000000000000000000e+00 0.000000000000000000e+00 0.000000000000000000e+00 0.000000000000000000e+00 0.000000000000000000e+00 0.000000000000000000e+00 0.000000000000000000e+00 0.000000000000000000e+00 0.000000000000000000e+00 0.000000000000000000e+00 0.000000000000000000e+00 0.000000000000000000e+00 0.000000000000000000e+00
2.766830040000059832e+00 1.422226812100442750e+01 4.633127505807419944e+00 4.633127505807419944e+00 4.633127505807419944e+00 4.633127505807419944e+00 4.485319401241815385e+00 4.338034596464024339e+00 4.193869470596553128e+00 3.972884159999689579e+00 3.405329279999811831e+00 2.837774400000049102e+00 3.128464473983294525e+00 3.066136008538847157e+00 2.672173066847170375e+00 3.228930938888059821e+00 3.091556990258444326e+00 2.861755509177640100e+00 3.879445996762877602e+00 3.076679489733009643e+00 2.739570506813724826e+00 3.126966058155850270e+00
-1.356611532730759961e+00 -4.991827557815112115e+00 -2.358601965814718149e+00 -2.358601965814718149e+00 -2.358601965814718149e+00 -2.358601965814718149e+00 -2.276641474257993458e+00 -2.204659527159356980e+00 -2.118969892975234082e+00 -2.029438804754536196e+00 -1.749248123144915956e+00 -1.463358202389756890e+00 -2.070064543865619111e+00 -1.529767851652597210e+00 -1.324140416211961879e+00 -1.591606835456918390e+00 -1.556221435700502420e+00 -1.444628255224549296e+00 -1.931342408867240845e+00 -1.537547739823126758e+00 -1.374963397289356237e+00 -1.538094683141945973e+00
1.356611498458223597e+00 4.991826851689029176e+00 2.358601926559492856e+00 2.358601926559492856e+00 2.358601926559492856e+00 2.358601926559492856e+00 2.276641429992342314e+00 2.204659493123261704e+00 2.118969849094895164e+00 2.029438760730188029e+00 1.749248079267483158e+00 1.463358153318020216e+00 2.070064499898100152e+00 1.529767807424343040e+00 1.324140377122309475e+00 1.591606796247136080e+00 1.556221396530947487e+00 1.444628240782347417e+00 1.931342384405949630e+00 1.537547695689314375e+00 1.374963387807219162e+00 1.538094648886289439e+00
